-0.442419
-0.372493
-0.365565
-0.365958
-0.375432
-0.384145
-0.377347
-0.368892
-0.370494
-0.38225
-0.394042
-0.405495
-0.408668
-0.409426
-0.408726
-0.403546
-0.403543
-0.403734
-0.405201
-0.406542
-0.408487
-0.414219
-0.407863
-0.40467
-0.402629
-0.401118
-0.409259
-0.420024
-0.418853
-0.414716
-0.41398
-0.417954
-0.410068
-0.398616
-0.396218
-0.408389
-0.418036
-0.423538
-0.433417
-0.440767
-0.442992
-0.43968
-0.430456
-0.424196
-0.432518
-0.435706
-0.433667
-0.435034
-0.443544
-0.447797
-0.446971
-0.446049
-0.447898
-0.442576
-0.440462
-0.448078
-0.454947
-0.452154
-0.448722
-0.449351
-0.451579
-0.453265
-0.453782
-0.453845
-0.452598
-0.452268
-0.450611
-0.44797
-0.448703
-0.451491
-0.452267
-0.448507
-0.447076
-0.446111
-0.439538
-0.433658
-0.431756
-0.430424
-0.428582
-0.428314
-0.429955
-0.427404
-0.425698
-0.430118
-0.434521
-0.443974
-0.429181
-0.425222
-0.42528
-0.430415
-0.432377
-0.428916
-0.428345
-0.431132
-0.43129
-0.428004
-0.425242
-0.424584
-0.426976
-0.4266
-0.424182
-0.417412
-0.414882
-0.415362
-0.415112
-0.412199
-0.415214
-0.416084
-0.413835
-0.411509
-0.413551
-0.410163
-0.408933
-0.410777
-0.410133
-0.406523
-0.396639
-0.392363
-0.393574
-0.400358
-0.403735
-0.407917
-0.404716
-0.399146
-0.392194
-0.391267
-0.396799
-0.402086
-0.400326
-0.394743
-0.386495
-0.392013
-0.395153
-0.386018
-0.375615
-0.373494
-0.379561
-0.385365
-0.391765
-0.395473
-0.400263
-0.404157
-0.411533
-0.413249
-0.400769
-0.396775
-0.399071
-0.393519
-0.38777
-0.384713
-0.382192
-0.38492
-0.387308
-0.389539
-0.38423
-0.38476
-0.381902
-0.388482
-0.391276
-0.389574
-0.390472
-0.391755
-0.391829
-0.384418
-0.38354
-0.393288
-0.406794
-0.407495
-0.397715
-0.388868
-0.389116
-0.387283
-0.382945
-0.382774
-0.379874
-0.379765
-0.374089
-0.374319
-0.374094
-0.373902
-0.371301
-0.37889
-0.383967
-0.383648
-0.380113
-0.372915
-0.374798
-0.384538
-0.387654
-0.383096
-0.376835
-0.373472
-0.37482
-0.375443
-0.375652
-0.375721
-0.368993
-0.364998
-0.371686
-0.379507
-0.378384
-0.377256
-0.371709
-0.367958
-0.367849
-0.368217
-0.361273
-0.359667
-0.358738
-0.354833
-0.353249
-0.354784
-0.350722
-0.3474
-0.350085
-0.356929
-0.353735
-0.346104
-0.338831
-0.34138
-0.34876
-0.352619
-0.352398
-0.352443
-0.344295
-0.342693
-0.351151
-0.357697
-0.351612
-0.34837
-0.348397
-0.348226
-0.348454
-0.347867
-0.351979
-0.348592
-0.341306
-0.338133
-0.339454
-0.332847
-0.327802
-0.327178
-0.330119
-0.312324
-0.303709
-0.303663
-0.309496
-0.321084
-0.338562
-0.326359
-0.30842
-0.308429
-0.32266
-0.343295
-0.358703
-0.36755
-0.368529
-0.365993
-0.357501
-0.35875
-0.363747
-0.363748
-0.359252
-0.357075
-0.359878
-0.357022
-0.368758
-0.372032
-0.369891
-0.370652
-0.372272
-0.368338
-0.361843
-0.354507
-0.347714
-0.353341
-0.361838
-0.360647
-0.357156
-0.363231
-0.36752
-0.364765
-0.361354
-0.361916
-0.359119
-0.357516
-0.35374
-0.346368
-0.339853
-0.334887
-0.333665
-0.331941
-0.323844
-0.322054
-0.32313
-0.331751
-0.32239
-0.32068
-0.313125
-0.31118
-0.315118
-0.330481
-0.329263
-0.325133
-0.325758
-0.331191
-0.322011
-0.314724
-0.318186
-0.335129
-0.341456
-0.338499
-0.335153
-0.337692
-0.326323
-0.306584
-0.299798
-0.302111
-0.306339
-0.316442
-0.318781
-0.309144
-0.302906
-0.302134
-0.300036
-0.301232
-0.311657
-0.321521
-0.322635
-0.312903
-0.310115
-0.309689
-0.313467
-0.313946
-0.315179
-0.30846
-0.307282
-0.314855
-0.325696
-0.338727
-0.342986
-0.341618
-0.337986
-0.331556
-0.325422
-0.317258
-0.313166
-0.307031
-0.308966
-0.310324
-0.309743
-0.29968
-0.292054
-0.287841
-0.280169
-0.281634
-0.293602
-0.306782
-0.304692
-0.299877
-0.297678
-0.299295
-0.300861
-0.30103
-0.293016
-0.291901
-0.290797
-0.291319
-0.286146
-0.27992
-0.276048
-0.278085
-0.273219
-0.267971
-0.26038
-0.253993
-0.251896
-0.257291
-0.264372
-0.261328
-0.260757
-0.257708
-0.24443
-0.233404
-0.24248
-0.255393
-0.254446
-0.245097
-0.242323
-0.247282
-0.248469
-0.25492
-0.2546
-0.256119
-0.257967
-0.256999
-0.247684
-0.244806
-0.249066
-0.25244
-0.242459
-0.232925
-0.230295
-0.226688
-0.228376
-0.230027
-0.230834
-0.2291
-0.229643
-0.229907
-0.228637
-0.220924
-0.21933
-0.221978
-0.226699
-0.221052
-0.210993
-0.207794
-0.209793
-0.21225
-0.206231
-0.202675
-0.20161
-0.20342
-0.207943
-0.212939
-0.209846
-0.196958
-0.202631
-0.206397
-0.207045
-0.20726
-0.204493
-0.20568
-0.203917
-0.203925
-0.200516
-0.188406
-0.191674
-0.190709
-0.196168
-0.195931
-0.196374
-0.196843
-0.20449
-0.202007
-0.200074
-0.198469
-0.205476
-0.207986
-0.205606
-0.205414
-0.2067
-0.205395
-0.201639
-0.201215
-0.2086
-0.215054
