0.766666667
0.776666667
0.797777778
0.770555556
0.756666667
0.757777778
0.775555556
0.771666667
0.776111111
0.784444444
0.788888889
0.776666667
0.792222222
0.808888889
0.796111111
0.807222222
0.808333333
0.808333333
0.808333333
0.811111111
0.809444444
0.803333333
0.786111111
0.78
0.773333333
0.78
0.795
0.793333333
0.796111111
0.806666667
0.809444444
0.813888889
0.822777778
0.819444444
0.822777778
0.818333333
0.831666667
0.818888889
0.862335667
0.861785667
0.856836056
0.847486722
0.845836889
0.844736944
0.840337278
0.837037556
0.825488389
0.821638667
0.8238385
0.823288556
0.824388444
0.811189444
0.786991278
0.780391722
0.769392556
0.751793889
0.746294278
0.723196
0.721546111
0.744094444
0.750693944
0.752343833
0.765542833
0.787541167
0.785341333
0.802940056
0.805139889
0.786991278
0.757843389
0.753993722
0.755093611
0.744094444
0.751793889
0.745744333
0.761143167
0.762793056
0.754543667
0.762793056
0.755643556
0.745744333
0.726495778
0.709447
0.725395833
0.762243056
0.793590778
0.812289389
0.815589111
0.807339722
0.812839278
0.808989611
0.807339722
0.808439611
0.824388444
0.813939222
0.815589111
0.813939222
0.819988778
0.821638667
0.815589111
0.830438
0.836487556
0.807339778
0.792096667
0.783386333
0.795363056
0.7850195
0.789919111
0.793185444
0.799718222
0.793185444
0.802984611
0.806251
0.796996278
0.788285889
0.780119944
0.782297556
0.808428611
0.805162167
0.809517333
0.816050111
0.817138944
0.817683333
0.838370333
0.840547944
0.843814333
0.832382
0.823671667
0.822582833
0.824216056
0.817683333
0.8165945
0.8193165
0.829115611
0.831837611
0.818227667
0.810061778
0.8111505
0.804617778
0.8193165
0.827482444
0.830748833
0.836192778
0.825849278
0.832382
0.834015167
0.826938
0.831293222
0.844358722
0.832926389
0.843814333
0.8481695
0.8427255
0.831293222
0.838914778
0.847080722
0.851980278
0.853069056
0.844358722
0.8427255
0.8454475
0.859057389
0.860690611
0.860146222
0.872122944
0.8661345
0.857505556
0.8504945
0.849955222
0.858044833
0.853191056
0.858044833
0.849955222
0.859662778
0.866673833
0.861280722
0.855887611
0.864516667
0.860202111
0.86182
0.857505556
0.862898667
0.864516667
0.858044833
0.870449
0.871527667
0.86182
0.863438
0.872606278
0.893100111
0.893639389
0.888785611
0.881235278
0.887706944
0.883931778
0.889324944
0.873684944
0.872066944
0.849415889
0.847797944
0.864516667
0.8591235
0.868831111
0.864516667
0.872066944
0.893639389
0.881235278
0.883392444
0.890403556
0.882313944
0.883392444
0.884471111
0.886089111
0.874224167
0.868831111
0.879078
0.882313944
0.876381444
0.8677525
0.858584167
0.855348278
0.854809
0.855887611
0.844022722
0.823528944
0.793327444
0.800877833
0.779844667
0.792788167
0.805067
0.795991333
0.802397667
0.7991945
0.80133
0.801863833
0.793322
0.806668611
0.812007222
0.812541111
0.812007222
0.823218389
0.802931556
0.780509278
0.787983389
0.820015167
0.827489278
0.827489278
0.828557056
0.82482
0.816812056
0.818413611
0.812541111
0.802397667
0.790652722
0.771433556
0.7522145
0.762357889
0.800262222
0.815744278
0.809337944
0.823752278
0.823752278
0.838166556
0.844039111
0.854716389
0.848843833
0.841903667
0.839768167
0.833361778
0.837098889
0.836565
0.823752278
0.825353833
0.824286111
0.827489278
0.829624778
0.808270222
0.797059056
0.778373833
0.767162667
0.747409722
0.756485389
0.757553111
0.7442065
0.744740389
0.746875833
0.7522145
0.744740389
0.742604889
0.749278222
0.731287056
0.729170444
0.761977833
0.747690778
0.754569778
0.749807389
0.741870111
0.7397535
0.720704056
0.729170444
0.716470833
0.729699611
0.732345389
0.751924
0.746103333
0.768327722
0.772031722
0.770444333
0.772031722
0.782614778
0.799547611
0.864104056
0.857225111
0.868337278
0.855637667
0.865691556
0.881036889
0.877332833
0.874687111
0.874157944
0.871512167
0.877862
0.881566056
0.879978556
0.879978556
0.888974111
0.906965278
0.913844333
0.924427278
0.931306278
0.921252389
0.921781556
0.918606667
0.909611111
0.911727667
0.908552778
0.920723222
0.921252389
0.918606667
0.922310722
0.915960889
0.922310722
0.921781556
0.910669333
0.908552778
0.904319556
0.890032444
0.898498889
0.892678278
0.9006155
0.889503278
0.9006155
0.923898111
0.923104389
0.926782111
0.925731389
0.937289889
0.934137611
0.936239056
0.9299345
0.930985167
0.932036
0.935188278
0.921528333
0.922053611
0.9178505
0.908918944
0.915749056
0.898936667
0.909969722
0.909969722
0.904715833
0.904190444
0.905766667
0.907868222
0.903665167
0.903665167
0.891581167
0.886852722
0.875819611
0.881598889
0.884225833
0.882124333
0.873718056
0.870040333
0.867938833
0.8879035
0.893682778
0.893157389
0.8973605
0.876345056
0.882124333
0.869514944
0.863735778
0.863735778
0.868989667
0.856905667
0.849024889
0.8416695
0.835890222
0.835890222
0.828534833
0.836415611
0.828009444
0.824331722
0.827484056
0.833263278
0.832212556
0.828534833
0.830636389
0.812247833
0.817501722
0.826958667
0.835364833
0.835890222
0.8484995
0.840356111
0.832536389
0.822631389
0.850782278
0.846090444
0.839313444
0.833057667
0.834100278
0.8377495
0.825759278
0.818460889
0.814811722
0.814811722
0.825759278
0.839313444
0.830972389
0.840877333
0.854431444
0.858080611
0.850782278
0.813247833
0.805428111
0.795001833
0.795001833
0.799172333
0.802300222
0.806470722
0.810641222
0.806992
0.807513333
0.796565778
0.786139556
0.791352667
0.8028215
0.797608444
0.808556
0.814290389
0.816897
0.814811722
0.801257611
0.792395278
0.802300222
0.802300222
0.795523167
0.789788722
0.791352667
0.79031
0.7960445
0.795001833
0.802300222
0.7944805
0.786139556
0.781969056
0.779883778
0.773628056
0.780405111
0.774149333
0.767893556
0.775191944
0.758509944
0.779883778
0.795001833
0.795523167
0.812987167
0.812469944
0.818675944
0.849706
0.855912
0.848671667
0.854360556
0.865221
0.863669556
0.8481545
0.833156667
0.831087944
0.819193167
0.803678111
0.795403444
0.805746778
0.802126611
0.798506444
0.797989278
0.790231722
0.791266111
0.792817611
0.785577222
0.783508556
0.797472111
0.791266111
0.809366944
0.863669556
0.871944222
0.857980722
0.847637333
0.848671667
0.854877722
0.856429167
0.863669556
0.865738167
0.859532222
0.856429167
0.8822875
0.883321889
0.880736111
0.872461444
0.876081556
0.879701722
0.883839056
0.875047222
0.872461444
0.878150167
