-1.02,-0.64,-1.13,-1.38,-1.36
-0.64,-1.13,-1.38,-1.36,-1.04
-1.13,-1.38,-1.36,-1.04,-1.11
-1.38,-1.36,-1.04,-1.11,-1.03
-1.36,-1.04,-1.11,-1.03,-0.88
-1.04,-1.11,-1.03,-0.88,-0.8
-1.11,-1.03,-0.88,-0.8,-1.02
-1.03,-0.88,-0.8,-1.02,-0.74
-0.88,-0.8,-1.02,-0.74,-0.44
-0.8,-1.02,-0.74,-0.44,-0.67
-1.02,-0.74,-0.44,-0.67,-0.47
-0.74,-0.44,-0.67,-0.47,-0.45
-0.44,-0.67,-0.47,-0.45,-0.45
-0.67,-0.47,-0.45,-0.45,-0.45
-0.47,-0.45,-0.45,-0.45,-0.4
-0.45,-0.45,-0.45,-0.4,-0.43
-0.45,-0.45,-0.4,-0.43,-0.54
-0.45,-0.4,-0.43,-0.54,-0.85
-0.4,-0.43,-0.54,-0.85,-0.96
-0.43,-0.54,-0.85,-0.96,-1.08
-0.54,-0.85,-0.96,-1.08,-0.96
-0.85,-0.96,-1.08,-0.96,-0.69
-0.96,-1.08,-0.96,-0.69,-0.72
-1.08,-0.96,-0.69,-0.72,-0.67
-0.96,-0.69,-0.72,-0.67,-0.48
-0.69,-0.72,-0.67,-0.48,-0.43
-0.72,-0.67,-0.48,-0.43,-0.35
-0.67,-0.48,-0.43,-0.35,-0.19
-0.48,-0.43,-0.35,-0.19,-0.25
-0.43,-0.35,-0.19,-0.25,-0.19
-0.35,-0.19,-0.25,-0.19,-0.27
-0.19,-0.25,-0.19,-0.27,-0.03
-0.25,-0.19,-0.27,-0.03,-0.26
-0.19,-0.27,-0.03,-0.26,0.522042
-0.27,-0.03,-0.26,0.522042,0.512142
-0.03,-0.26,0.522042,0.512142,0.423049
-0.26,0.522042,0.512142,0.423049,0.254761
0.522042,0.512142,0.423049,0.254761,0.225064
0.512142,0.423049,0.254761,0.225064,0.205265
0.423049,0.254761,0.225064,0.205265,0.126071
0.254761,0.225064,0.205265,0.126071,0.066676
0.225064,0.205265,0.126071,0.066676,-0.141209
0.205265,0.126071,0.066676,-0.141209,-0.210504
0.126071,0.066676,-0.141209,-0.210504,-0.170907
0.066676,-0.141209,-0.210504,-0.170907,-0.180806
-0.141209,-0.210504,-0.170907,-0.180806,-0.161008
-0.210504,-0.170907,-0.180806,-0.161008,-0.39859
-0.170907,-0.180806,-0.161008,-0.39859,-0.834157
-0.180806,-0.161008,-0.39859,-0.834157,-0.952949
-0.161008,-0.39859,-0.834157,-0.952949,-1.150934
-0.39859,-0.834157,-0.952949,-1.150934,-1.46771
-0.834157,-0.952949,-1.150934,-1.46771,-1.566703
-0.952949,-1.150934,-1.46771,-1.566703,-1.982472
-1.150934,-1.46771,-1.566703,-1.982472,-2.01217
-1.46771,-1.566703,-1.982472,-2.01217,-1.6063
-1.566703,-1.982472,-2.01217,-1.6063,-1.487509
-1.982472,-2.01217,-1.6063,-1.487509,-1.457811
-2.01217,-1.6063,-1.487509,-1.457811,-1.220229
-1.6063,-1.487509,-1.457811,-1.220229,-0.824259
-1.487509,-1.457811,-1.220229,-0.824259,-0.863856
-1.457811,-1.220229,-0.824259,-0.863856,-0.547079
-1.220229,-0.824259,-0.863856,-0.547079,-0.507482
-0.824259,-0.863856,-0.547079,-0.507482,-0.834157
-0.863856,-0.547079,-0.507482,-0.834157,-1.358819
-0.547079,-0.507482,-0.834157,-1.358819,-1.428113
-0.507482,-0.834157,-1.358819,-1.428113,-1.408315
-0.834157,-1.358819,-1.428113,-1.408315,-1.6063
-1.358819,-1.428113,-1.408315,-1.6063,-1.46771
-1.428113,-1.408315,-1.6063,-1.46771,-1.576602
-1.408315,-1.6063,-1.46771,-1.576602,-1.299423
-1.6063,-1.46771,-1.576602,-1.299423,-1.269725
-1.46771,-1.576602,-1.299423,-1.269725,-1.418214
-1.576602,-1.299423,-1.269725,-1.418214,-1.269725
-1.299423,-1.269725,-1.418214,-1.269725,-1.398416
-1.269725,-1.418214,-1.269725,-1.398416,-1.576602
-1.418214,-1.269725,-1.398416,-1.576602,-1.923076
-1.269725,-1.398416,-1.576602,-1.923076,-2.229954
-1.398416,-1.576602,-1.923076,-2.229954,-1.942875
-1.576602,-1.923076,-2.229954,-1.942875,-1.279625
-1.923076,-2.229954,-1.942875,-1.279625,-0.715366
-2.229954,-1.942875,-1.279625,-0.715366,-0.378791
-1.942875,-1.279625,-0.715366,-0.378791,-0.319396
-1.279625,-0.715366,-0.378791,-0.319396,-0.467885
-0.715366,-0.378791,-0.319396,-0.467885,-0.368893
-0.378791,-0.319396,-0.467885,-0.368893,-0.438187
-0.319396,-0.467885,-0.368893,-0.438187,-0.467885
-0.467885,-0.368893,-0.438187,-0.467885,-0.448087
-0.368893,-0.438187,-0.467885,-0.448087,-0.161008
-0.438187,-0.467885,-0.448087,-0.161008,-0.349094
-0.467885,-0.448087,-0.161008,-0.349094,-0.319396
-0.448087,-0.161008,-0.349094,-0.319396,-0.349094
-0.161008,-0.349094,-0.319396,-0.349094,-0.240202
-0.349094,-0.319396,-0.349094,-0.240202,-0.210504
-0.319396,-0.349094,-0.240202,-0.210504,-0.319396
-0.349094,-0.240202,-0.210504,-0.319396,-0.052116
-0.240202,-0.210504,-0.319396,-0.052116,0.056776
-0.210504,-0.319396,-0.052116,0.056776,-0.467884
-0.319396,-0.052116,0.056776,-0.467884,-0.74226
-0.052116,0.056776,-0.467884,-0.74226,-0.899046
0.056776,-0.467884,-0.74226,-0.899046,-0.683465
-0.467884,-0.74226,-0.899046,-0.683465,-0.869649
-0.74226,-0.899046,-0.683465,-0.869649,-0.781456
-0.899046,-0.683465,-0.869649,-0.781456,-0.722662
-0.683465,-0.869649,-0.781456,-0.722662,-0.605072
-0.869649,-0.781456,-0.722662,-0.605072,-0.722662
-0.781456,-0.722662,-0.605072,-0.722662,-0.546277
-0.722662,-0.605072,-0.722662,-0.546277,-0.487482
-0.605072,-0.722662,-0.546277,-0.487482,-0.654067
-0.722662,-0.546277,-0.487482,-0.654067,-0.810854
-0.546277,-0.487482,-0.654067,-0.810854,-0.957841
-0.487482,-0.654067,-0.810854,-0.957841,-0.918644
-0.654067,-0.810854,-0.957841,-0.918644,-0.448285
-0.810854,-0.957841,-0.918644,-0.448285,-0.507081
-0.957841,-0.918644,-0.448285,-0.507081,-0.428688
-0.918644,-0.448285,-0.507081,-0.428688,-0.311098
-0.448285,-0.507081,-0.428688,-0.311098,-0.291499
-0.507081,-0.428688,-0.311098,-0.291499,-0.2817
-0.428688,-0.311098,-0.291499,-0.2817,0.090666
-0.311098,-0.291499,-0.2817,0.090666,0.129863
-0.291499,-0.2817,0.090666,0.129863,0.188658
-0.2817,0.090666,0.129863,0.188658,-0.017124
0.090666,0.129863,0.188658,-0.017124,-0.17391
0.129863,0.188658,-0.017124,-0.17391,-0.193509
0.188658,-0.017124,-0.17391,-0.193509,-0.164111
-0.017124,-0.17391,-0.193509,-0.164111,-0.2817
-0.17391,-0.193509,-0.164111,-0.2817,-0.301299
-0.193509,-0.164111,-0.2817,-0.301299,-0.252303
-0.164111,-0.2817,-0.301299,-0.252303,-0.075919
-0.2817,-0.301299,-0.252303,-0.075919,-0.026923
-0.301299,-0.252303,-0.075919,-0.026923,-0.271902
-0.252303,-0.075919,-0.026923,-0.271902,-0.418888
-0.075919,-0.026923,-0.271902,-0.418888,-0.399291
-0.026923,-0.271902,-0.418888,-0.399291,-0.51688
-0.271902,-0.418888,-0.399291,-0.51688,-0.252303
-0.418888,-0.399291,-0.51688,-0.252303,-0.105316
-0.399291,-0.51688,-0.252303,-0.105316,-0.046521
-0.51688,-0.252303,-0.105316,-0.046521,0.05147
-0.252303,-0.105316,-0.046521,0.05147,-0.134713
-0.105316,-0.046521,0.05147,-0.134713,-0.017124
-0.046521,0.05147,-0.134713,-0.017124,0.012273
0.05147,-0.134713,-0.017124,0.012273,-0.115116
-0.134713,-0.017124,0.012273,-0.115116,-0.036722
-0.017124,0.012273,-0.115116,-0.036722,0.198457
0.012273,-0.115116,-0.036722,0.198457,-0.007325
-0.115116,-0.036722,0.198457,-0.007325,0.188658
-0.036722,0.198457,-0.007325,0.188658,0.267051
0.198457,-0.007325,0.188658,0.267051,0.169059
-0.007325,0.188658,0.267051,0.169059,-0.036722
0.188658,0.267051,0.169059,-0.036722,0.100466
0.267051,0.169059,-0.036722,0.100466,0.247453
0.169059,-0.036722,0.100466,0.247453,0.335645
-0.036722,0.100466,0.247453,0.335645,0.355243
0.100466,0.247453,0.335645,0.355243,0.198457
0.247453,0.335645,0.355243,0.198457,0.169059
0.335645,0.355243,0.198457,0.169059,0.218055
0.355243,0.198457,0.169059,0.218055,0.463033
0.198457,0.169059,0.218055,0.463033,0.492431
0.169059,0.218055,0.463033,0.492431,0.482632
0.218055,0.463033,0.492431,0.482632,0.698213
0.463033,0.492431,0.482632,0.698213,0.590421
0.492431,0.482632,0.698213,0.590421,0.4351
0.482632,0.698213,0.590421,0.4351,0.308901
0.698213,0.590421,0.4351,0.308901,0.299194
0.590421,0.4351,0.308901,0.299194,0.444807
0.4351,0.308901,0.299194,0.444807,0.357439
0.308901,0.299194,0.444807,0.357439,0.444807
0.299194,0.444807,0.357439,0.444807,0.299194
0.444807,0.357439,0.444807,0.299194,0.47393
0.357439,0.444807,0.299194,0.47393,0.600129
0.444807,0.299194,0.47393,0.600129,0.503053
0.299194,0.47393,0.600129,0.503053,0.405977
0.47393,0.600129,0.503053,0.405977,0.5613
0.600129,0.503053,0.405977,0.5613,0.483638
0.503053,0.405977,0.5613,0.483638,0.51276
0.405977,0.5613,0.483638,0.51276,0.4351
0.5613,0.483638,0.51276,0.4351,0.532176
0.483638,0.51276,0.4351,0.532176,0.5613
0.51276,0.4351,0.532176,0.5613,0.444807
0.4351,0.532176,0.5613,0.444807,0.668082
0.532176,0.5613,0.444807,0.668082,0.687498
0.5613,0.444807,0.668082,0.687498,0.51276
0.444807,0.668082,0.687498,0.51276,0.541884
0.668082,0.687498,0.51276,0.541884,0.706913
0.687498,0.51276,0.541884,0.706913,1.075802
0.51276,0.541884,0.706913,1.075802,1.085509
0.541884,0.706913,1.075802,1.085509,0.998141
0.706913,1.075802,1.085509,0.998141,0.862235
1.075802,1.085509,0.998141,0.862235,0.978725
1.085509,0.998141,0.862235,0.978725,0.910772
0.998141,0.862235,0.978725,0.910772,1.007849
0.862235,0.978725,0.910772,1.007849,0.726329
0.978725,0.910772,1.007849,0.726329,0.697205
0.910772,1.007849,0.726329,0.697205,0.289486
1.007849,0.726329,0.697205,0.289486,0.260363
0.726329,0.697205,0.289486,0.260363,0.5613
0.697205,0.289486,0.260363,0.5613,0.464223
0.289486,0.260363,0.5613,0.464223,0.63896
0.260363,0.5613,0.464223,0.63896,0.5613
0.5613,0.464223,0.63896,0.5613,0.697205
0.464223,0.63896,0.5613,0.697205,1.085509
0.63896,0.5613,0.697205,1.085509,0.862235
0.5613,0.697205,1.085509,0.862235,0.901064
0.697205,1.085509,0.862235,0.901064,1.027264
1.085509,0.862235,0.901064,1.027264,0.881651
0.862235,0.901064,1.027264,0.881651,0.901064
0.901064,1.027264,0.881651,0.901064,0.92048
1.027264,0.881651,0.901064,0.92048,0.949604
0.881651,0.901064,0.92048,0.949604,0.736035
0.901064,0.92048,0.949604,0.736035,0.63896
0.92048,0.949604,0.736035,0.63896,0.823404
0.949604,0.736035,0.63896,0.823404,0.881651
0.736035,0.63896,0.823404,0.881651,0.774866
0.63896,0.823404,0.881651,0.774866,0.619545
0.823404,0.881651,0.774866,0.619545,0.454515
0.881651,0.774866,0.619545,0.454515,0.396269
0.774866,0.619545,0.454515,0.396269,0.386562
0.619545,0.454515,0.396269,0.386562,0.405977
0.454515,0.396269,0.386562,0.405977,0.192409
0.396269,0.386562,0.405977,0.192409,-0.176479
0.386562,0.405977,0.192409,-0.176479,-0.720106
0.405977,0.192409,-0.176479,-0.720106,-0.584199
0.192409,-0.176479,-0.720106,-0.584199,-0.962796
-0.176479,-0.720106,-0.584199,-0.962796,-0.729813
-0.720106,-0.584199,-0.962796,-0.729813,-0.508794
-0.584199,-0.962796,-0.729813,-0.508794,-0.672156
-0.962796,-0.729813,-0.508794,-0.672156,-0.556842
-0.729813,-0.508794,-0.672156,-0.556842,-0.614499
-0.508794,-0.672156,-0.556842,-0.614499,-0.57606
-0.672156,-0.556842,-0.614499,-0.57606,-0.566451
-0.556842,-0.614499,-0.57606,-0.566451,-0.720204
-0.614499,-0.57606,-0.566451,-0.720204,-0.479965
-0.57606,-0.566451,-0.720204,-0.479965,-0.38387
-0.566451,-0.720204,-0.479965,-0.38387,-0.37426
-0.720204,-0.479965,-0.38387,-0.37426,-0.38387
-0.479965,-0.38387,-0.37426,-0.38387,-0.182069
-0.38387,-0.37426,-0.38387,-0.182069,-0.547232
-0.37426,-0.38387,-0.182069,-0.547232,-0.950833
-0.38387,-0.182069,-0.547232,-0.950833,-0.816299
-0.182069,-0.547232,-0.950833,-0.816299,-0.239727
-0.547232,-0.950833,-0.816299,-0.239727,-0.105193
-0.950833,-0.816299,-0.239727,-0.105193,-0.105193
-0.816299,-0.239727,-0.105193,-0.105193,-0.085973
-0.239727,-0.105193,-0.105193,-0.085973,-0.15324
-0.105193,-0.105193,-0.085973,-0.15324,-0.297383
-0.105193,-0.085973,-0.15324,-0.297383,-0.268555
-0.085973,-0.15324,-0.297383,-0.268555,-0.37426
-0.15324,-0.297383,-0.268555,-0.37426,-0.556842
-0.297383,-0.268555,-0.37426,-0.556842,-0.768251
-0.268555,-0.37426,-0.556842,-0.768251,-1.114196
-0.37426,-0.556842,-0.768251,-1.114196,-1.460139
-0.556842,-0.768251,-1.114196,-1.460139,-1.277558
-0.768251,-1.114196,-1.460139,-1.277558,-0.59528
-1.114196,-1.460139,-1.277558,-0.59528,-0.316603
-1.460139,-1.277558,-0.59528,-0.316603,-0.431917
-1.277558,-0.59528,-0.316603,-0.431917,-0.172459
-0.59528,-0.316603,-0.431917,-0.172459,-0.172459
-0.316603,-0.431917,-0.172459,-0.172459,0.086998
-0.431917,-0.172459,-0.172459,0.086998,0.192704
-0.172459,-0.172459,0.086998,0.192704,0.384895
-0.172459,0.086998,0.192704,0.384895,0.279189
0.086998,0.192704,0.384895,0.279189,0.154266
0.192704,0.384895,0.279189,0.154266,0.115827
0.384895,0.279189,0.154266,0.115827,0.000512
0.279189,0.154266,0.115827,0.000512,0.06778
0.154266,0.115827,0.000512,0.06778,0.05817
0.115827,0.000512,0.06778,0.05817,-0.172459
0.000512,0.06778,0.05817,-0.172459,-0.143631
0.06778,0.05817,-0.172459,-0.143631,-0.16285
0.05817,-0.172459,-0.143631,-0.16285,-0.105193
-0.172459,-0.143631,-0.16285,-0.105193,-0.066754
-0.143631,-0.16285,-0.105193,-0.066754,-0.451136
-0.16285,-0.105193,-0.066754,-0.451136,-0.652937
-0.105193,-0.066754,-0.451136,-0.652937,-0.989271
-0.066754,-0.451136,-0.652937,-0.989271,-1.191072
-0.451136,-0.652937,-0.989271,-1.191072,-1.546625
-0.652937,-0.989271,-1.191072,-1.546625,-1.383263
-0.989271,-1.191072,-1.546625,-1.383263,-1.364044
-1.191072,-1.546625,-1.383263,-1.364044,-1.604283
-1.546625,-1.383263,-1.364044,-1.604283,-1.594673
-1.383263,-1.364044,-1.604283,-1.594673,-1.556235
-1.364044,-1.604283,-1.594673,-1.556235,-1.460139
-1.604283,-1.594673,-1.556235,-1.460139,-1.594673
-1.594673,-1.556235,-1.460139,-1.594673,-1.633112
-1.556235,-1.460139,-1.594673,-1.633112,-1.512992
-1.460139,-1.594673,-1.633112,-1.512992,-1.836833
-1.594673,-1.633112,-1.512992,-1.836833,-1.874932
-1.633112,-1.512992,-1.836833,-1.874932,-1.284399
-1.512992,-1.836833,-1.874932,-1.284399,-1.541566
-1.836833,-1.874932,-1.284399,-1.541566,-1.417744
-1.874932,-1.284399,-1.541566,-1.417744,-1.503467
-1.284399,-1.541566,-1.417744,-1.503467,-1.646338
-1.541566,-1.417744,-1.503467,-1.646338,-1.684437
-1.417744,-1.503467,-1.646338,-1.684437,-2.027327
-1.503467,-1.646338,-1.684437,-2.027327,-1.874932
-1.646338,-1.684437,-2.027327,-1.874932,-2.103525
-1.684437,-2.027327,-1.874932,-2.103525,-1.865407
-2.027327,-1.874932,-2.103525,-1.865407,-1.817783
-1.874932,-2.103525,-1.865407,-1.817783,-1.465368
-2.103525,-1.865407,-1.817783,-1.465368,-1.57014
-1.865407,-1.817783,-1.465368,-1.57014,-1.170101
-1.817783,-1.465368,-1.57014,-1.170101,-1.103429
-1.465368,-1.57014,-1.170101,-1.103429,-1.132002
-1.57014,-1.170101,-1.103429,-1.132002,-1.103429
-1.170101,-1.103429,-1.132002,-1.103429,-0.912934
-1.103429,-1.132002,-1.103429,-0.912934,-0.608143
-1.132002,-1.103429,-0.912934,-0.608143,0.553873
-1.103429,-0.912934,-0.608143,0.553873,0.430052
-0.912934,-0.608143,0.553873,0.430052,0.630071
-0.608143,0.553873,0.430052,0.630071,0.401478
0.553873,0.430052,0.630071,0.401478,0.582448
0.430052,0.630071,0.401478,0.582448,0.858664
0.630071,0.401478,0.582448,0.858664,0.791991
0.401478,0.582448,0.858664,0.791991,0.744368
0.582448,0.858664,0.791991,0.744368,0.734843
0.858664,0.791991,0.744368,0.734843,0.687219
0.791991,0.744368,0.734843,0.687219,0.801516
0.744368,0.734843,0.687219,0.801516,0.868189
0.734843,0.687219,0.801516,0.868189,0.839614
0.687219,0.801516,0.868189,0.839614,0.839614
0.801516,0.868189,0.839614,0.839614,1.001534
0.868189,0.839614,0.839614,1.001534,1.325375
0.839614,0.839614,1.001534,1.325375,1.449198
0.839614,1.001534,1.325375,1.449198,1.639691
1.001534,1.325375,1.449198,1.639691,1.763513
1.325375,1.449198,1.639691,1.763513,1.582543
1.449198,1.639691,1.763513,1.582543,1.592068
1.639691,1.763513,1.582543,1.592068,1.53492
1.763513,1.582543,1.592068,1.53492,1.373
1.582543,1.592068,1.53492,1.373,1.411098
1.592068,1.53492,1.373,1.411098,1.35395
1.53492,1.373,1.411098,1.35395,1.573018
1.373,1.411098,1.35395,1.573018,1.582543
1.411098,1.35395,1.573018,1.582543,1.53492
1.35395,1.573018,1.582543,1.53492,1.601593
1.573018,1.582543,1.53492,1.601593,1.487296
1.582543,1.53492,1.601593,1.487296,1.601593
1.53492,1.601593,1.487296,1.601593,1.592068
1.601593,1.487296,1.601593,1.592068,1.392048
1.487296,1.601593,1.592068,1.392048,1.35395
1.601593,1.592068,1.392048,1.35395,1.277752
1.592068,1.392048,1.35395,1.277752,1.020584
1.392048,1.35395,1.277752,1.020584,1.17298
1.35395,1.277752,1.020584,1.17298,1.068209
1.277752,1.020584,1.17298,1.068209,1.211079
1.020584,1.17298,1.068209,1.211079,1.011059
1.17298,1.068209,1.211079,1.011059,1.211079
1.068209,1.211079,1.011059,1.211079,1.630166
1.211079,1.011059,1.211079,1.630166,1.615879
1.011059,1.211079,1.630166,1.615879,1.682078
1.211079,1.630166,1.615879,1.682078,1.663165
1.630166,1.615879,1.682078,1.663165,1.871218
1.615879,1.682078,1.663165,1.871218,1.814477
1.682078,1.663165,1.871218,1.814477,1.852303
1.663165,1.871218,1.814477,1.852303,1.738821
1.871218,1.814477,1.852303,1.738821,1.757733
1.814477,1.852303,1.738821,1.757733,1.776648
1.852303,1.738821,1.757733,1.776648,1.833389
1.738821,1.757733,1.776648,1.833389,1.58751
1.757733,1.776648,1.833389,1.58751,1.596965
1.776648,1.833389,1.58751,1.596965,1.521309
1.833389,1.58751,1.596965,1.521309,1.360541
1.58751,1.596965,1.521309,1.360541,1.483483
1.596965,1.521309,1.360541,1.483483,1.18086
1.521309,1.360541,1.483483,1.18086,1.379455
1.360541,1.483483,1.18086,1.379455,1.379455
1.483483,1.18086,1.379455,1.379455,1.284885
1.18086,1.379455,1.379455,1.284885,1.275428
1.379455,1.379455,1.284885,1.275428,1.3038
1.379455,1.284885,1.275428,1.3038,1.341628
1.284885,1.275428,1.3038,1.341628,1.265973
1.275428,1.3038,1.341628,1.265973,1.265973
1.3038,1.341628,1.265973,1.265973,1.048461
1.341628,1.265973,1.265973,1.048461,0.963349
1.265973,1.265973,1.048461,0.963349,0.764753
1.265973,1.048461,0.963349,0.764753,0.86878
1.048461,0.963349,0.764753,0.86878,0.916065
0.963349,0.764753,0.86878,0.916065,0.878238
0.764753,0.86878,0.916065,0.878238,0.726925
0.86878,0.916065,0.878238,0.726925,0.660726
0.916065,0.878238,0.726925,0.660726,0.622899
0.878238,0.726925,0.660726,0.622899,0.982263
0.726925,0.660726,0.622899,0.982263,1.08629
0.660726,0.622899,0.982263,1.08629,1.076833
0.622899,0.982263,1.08629,1.076833,1.152489
0.982263,1.08629,1.076833,1.152489,0.774211
1.08629,1.076833,1.152489,0.774211,0.878238
1.076833,1.152489,0.774211,0.878238,0.651269
1.152489,0.774211,0.878238,0.651269,0.547244
0.774211,0.878238,0.651269,0.547244,0.547244
0.878238,0.651269,0.547244,0.547244,0.641814
0.651269,0.547244,0.547244,0.641814,0.424302
0.547244,0.547244,0.641814,0.424302,0.282448
0.547244,0.641814,0.424302,0.282448,0.150051
0.641814,0.424302,0.282448,0.150051,0.046024
0.424302,0.282448,0.150051,0.046024,0.046024
0.282448,0.150051,0.046024,0.046024,-0.086373
0.150051,0.046024,0.046024,-0.086373,0.055481
0.046024,0.046024,-0.086373,0.055481,-0.09583
0.046024,-0.086373,0.055481,-0.09583,-0.162029
-0.086373,0.055481,-0.09583,-0.162029,-0.105287
0.055481,-0.09583,-0.162029,-0.105287,-0.001261
-0.09583,-0.162029,-0.105287,-0.001261,-0.020174
-0.162029,-0.105287,-0.001261,-0.020174,-0.086373
-0.105287,-0.001261,-0.020174,-0.086373,-0.048545
-0.001261,-0.020174,-0.086373,-0.048545,-0.379539
-0.020174,-0.086373,-0.048545,-0.379539,-0.284969
-0.086373,-0.048545,-0.379539,-0.284969,-0.114744
-0.048545,-0.379539,-0.284969,-0.114744,0.036567
-0.379539,-0.284969,-0.114744,0.036567,0.046024
-0.284969,-0.114744,0.036567,0.046024,0.272991
-0.114744,0.036567,0.046024,0.272991,0.12641
0.036567,0.046024,0.272991,0.12641,-0.014345
0.046024,0.272991,0.12641,-0.014345,-0.192635
0.272991,0.12641,-0.014345,-0.192635,0.314081
0.12641,-0.014345,-0.192635,0.314081,0.229628
-0.014345,-0.192635,0.314081,0.229628,0.107642
-0.192635,0.314081,0.229628,0.107642,-0.004962
0.314081,0.229628,0.107642,-0.004962,0.013805
0.229628,0.107642,-0.004962,0.013805,0.079491
0.107642,-0.004962,0.013805,0.079491,-0.136333
-0.004962,0.013805,0.079491,-0.136333,-0.267704
0.013805,0.079491,-0.136333,-0.267704,-0.333389
0.079491,-0.136333,-0.267704,-0.333389,-0.333389
-0.136333,-0.267704,-0.333389,-0.333389,-0.136333
-0.267704,-0.333389,-0.333389,-0.136333,0.107642
-0.333389,-0.333389,-0.136333,0.107642,-0.042497
-0.333389,-0.136333,0.107642,-0.042497,0.135792
-0.136333,0.107642,-0.042497,0.135792,0.379766
0.107642,-0.042497,0.135792,0.379766,0.445451
-0.042497,0.135792,0.379766,0.445451,0.314081
0.135792,0.379766,0.445451,0.314081,-0.361539
0.379766,0.445451,0.314081,-0.361539,-0.502294
0.445451,0.314081,-0.361539,-0.502294,-0.689967
0.314081,-0.361539,-0.502294,-0.689967,-0.689967
-0.361539,-0.502294,-0.689967,-0.689967,-0.614898
-0.502294,-0.689967,-0.689967,-0.614898,-0.558596
-0.689967,-0.689967,-0.614898,-0.558596,-0.483527
-0.689967,-0.614898,-0.558596,-0.483527,-0.408458
-0.614898,-0.558596,-0.483527,-0.408458,-0.474144
-0.558596,-0.483527,-0.408458,-0.474144,-0.46476
-0.483527,-0.408458,-0.474144,-0.46476,-0.661816
-0.408458,-0.474144,-0.46476,-0.661816,-0.849488
-0.474144,-0.46476,-0.661816,-0.849488,-0.755652
-0.46476,-0.661816,-0.849488,-0.755652,-0.549213
-0.661816,-0.849488,-0.755652,-0.549213,-0.643048
-0.849488,-0.755652,-0.549213,-0.643048,-0.445992
-0.755652,-0.549213,-0.643048,-0.445992,-0.342773
-0.549213,-0.643048,-0.445992,-0.342773,-0.295854
-0.643048,-0.445992,-0.342773,-0.295854,-0.333389
-0.445992,-0.342773,-0.295854,-0.333389,-0.577363
-0.342773,-0.295854,-0.333389,-0.577363,-0.736885
-0.295854,-0.333389,-0.577363,-0.736885,-0.558596
-0.333389,-0.577363,-0.736885,-0.558596,-0.558596
-0.577363,-0.736885,-0.558596,-0.558596,-0.680583
-0.736885,-0.558596,-0.558596,-0.680583,-0.783803
-0.558596,-0.558596,-0.680583,-0.783803,-0.755652
-0.558596,-0.680583,-0.783803,-0.755652,-0.77442
-0.680583,-0.783803,-0.755652,-0.77442,-0.671199
-0.783803,-0.755652,-0.77442,-0.671199,-0.689967
-0.755652,-0.77442,-0.671199,-0.689967,-0.558596
-0.77442,-0.671199,-0.689967,-0.558596,-0.699351
-0.671199,-0.689967,-0.558596,-0.699351,-0.849488
-0.689967,-0.558596,-0.699351,-0.849488,-0.924557
-0.558596,-0.699351,-0.849488,-0.924557,-0.962092
-0.699351,-0.849488,-0.924557,-0.962092,-1.074695
-0.849488,-0.924557,-0.962092,-1.074695,-0.952708
-0.924557,-0.962092,-1.074695,-0.952708,-1.065312
-0.962092,-1.074695,-0.952708,-1.065312,-1.177916
-1.074695,-0.952708,-1.065312,-1.177916,-1.046545
-0.952708,-1.065312,-1.177916,-1.046545,-1.346821
-1.065312,-1.177916,-1.046545,-1.346821,-0.962092
-1.177916,-1.046545,-1.346821,-0.962092,-0.689967
-1.046545,-1.346821,-0.962092,-0.689967,-0.680583
-1.346821,-0.962092,-0.689967,-0.680583,-0.366231
-0.962092,-0.689967,-0.680583,-0.366231,-0.375541
-0.689967,-0.680583,-0.366231,-0.375541,-0.263833
-0.680583,-0.366231,-0.375541,-0.263833,0.294708
-0.366231,-0.375541,-0.263833,0.294708,0.406416
-0.375541,-0.263833,0.294708,0.406416,0.27609
-0.263833,0.294708,0.406416,0.27609,0.37849
0.294708,0.406416,0.27609,0.37849,0.573978
0.406416,0.27609,0.37849,0.573978,0.546052
0.27609,0.37849,0.573978,0.546052,0.266781
0.37849,0.573978,0.546052,0.266781,-0.00318
0.573978,0.546052,0.266781,-0.00318,-0.040417
0.546052,0.266781,-0.00318,-0.040417,-0.254523
0.266781,-0.00318,-0.040417,-0.254523,-0.533794
-0.00318,-0.040417,-0.254523,-0.533794,-0.682738
-0.040417,-0.254523,-0.533794,-0.682738,-0.496558
-0.254523,-0.533794,-0.682738,-0.496558,-0.561721
-0.533794,-0.682738,-0.496558,-0.561721,-0.626884
-0.682738,-0.496558,-0.561721,-0.626884,-0.636193
-0.496558,-0.561721,-0.626884,-0.636193,-0.775829
-0.561721,-0.626884,-0.636193,-0.775829,-0.75721
-0.626884,-0.636193,-0.775829,-0.75721,-0.729283
-0.636193,-0.775829,-0.75721,-0.729283,-0.85961
-0.775829,-0.75721,-0.729283,-0.85961,-0.896846
-0.75721,-0.729283,-0.85961,-0.896846,-0.645502
-0.729283,-0.85961,-0.896846,-0.645502,-0.75721
-0.85961,-0.896846,-0.645502,-0.75721,-0.431395
-0.896846,-0.645502,-0.75721,-0.431395,0.546052
-0.645502,-0.75721,-0.431395,0.546052,0.694996
-0.75721,-0.431395,0.546052,0.694996,0.443653
-0.431395,0.546052,0.694996,0.443653,0.257472
0.546052,0.694996,0.443653,0.257472,0.27609
0.694996,0.443653,0.257472,0.27609,0.387799
0.443653,0.257472,0.27609,0.387799,0.415725
0.257472,0.27609,0.387799,0.415725,0.546052
0.27609,0.387799,0.415725,0.546052,0.583287
0.387799,0.415725,0.546052,0.583287,0.47158
0.415725,0.546052,0.583287,0.47158,0.415725
0.546052,0.583287,0.47158,0.415725,0.881175
0.583287,0.47158,0.415725,0.881175,0.899794
0.47158,0.415725,0.881175,0.899794,0.85325
0.415725,0.881175,0.899794,0.85325,0.704306
0.881175,0.899794,0.85325,0.704306,0.769468
0.899794,0.85325,0.704306,0.769468,0.834631
0.85325,0.704306,0.769468,0.834631,0.909103
0.704306,0.769468,0.834631,0.909103,0.75085
0.769468,0.834631,0.909103,0.75085,0.704306
0.834631,0.909103,0.75085,0.704306,0.806703
0.909103,0.75085,0.704306,0.806703,0.890485
0.75085,0.704306,0.806703,0.890485,0.909103
0.704306,0.806703,0.890485,0.909103,0.918412
0.806703,0.890485,0.909103,0.918412,0.564669
0.890485,0.909103,0.918412,0.564669,0.722922
